image: lab202.pgm
resolution: 0.050000
origin: [-19.650000, -9.200000, 0.0]
negate: 0
occupied_thresh: 0.65
free_thresh: 0.196

